1  8  6  3
7  2  4  9
5  3  1  8
9  6  7  4


6  1  2  4  3  8  5
9  7  3  6  1  4  2
5  8  4  2  9  3  6
2  6  5  9  7  1  8
3  2  1  8  6  9  7
4  9  6  1  5  7  3
8  3  9  7  2  6  4


1  9  7  3  2  8  4  5  6  10
7  2  9  5  8  4  1  6  10  3
8  4  6  9  1  10  7  3  2  5
2  10  4  7  5  9  6  8  3  1
3  6  1  2  4  5  9  7  8  10
5  7  10  8  9  2  3  6  1  4
6  3  8  10  7  1  5  4  9  2
4  5  2  6  10  3  8  1  7  9
10  1  3  4  6  7  2  9  5  8
9  8  5  1  3  6  4  2  10  7


4  7  2
3  5  1
6  8  9

det=-11

9  2  5  6
1  7  3  4
8  5  2  9
4  6  7  3


det=-190

Tr(A-1)=

−0.0737
−0.0374
−0.0594
0.0169
​

0.1447
0.0682
−0.0624
−0.0634
​

0.1263
0.1136
−0.1220
−0.0719
​

0.0035
−0.0514
0.1070
0.0429
​

​


3  1  2  4  5
8  6  7  2  3
9  2  3  4  1
6  5  8  7  9
4  3  5  1  2

det=-283

tr(a-1)=
.0273
0.0499
−0.0132
−0.0044
​

0.0475
−0.0415
−0.0716
0.0152
0.0124
​

0.0186
0.0120
−0.0505
0.0232
−0.0200
​

0.0211
−0.0082
0.0285
0.0072
0.0221
​

−0.0095
0.0262
0.0501
−0.0323
0.0306
​

1  3  2  4  5  6  7
8  1  9  3  2  4  5
6  7  8  1  3  2  9
2  6  5  8  7  1  4
3  4  6  9  1  8  2
7  9  3  2  4  6  1
4  5  7  6  8  9  3

det=-3002

5  7  9  3  2  8  6  1  4  5
4  8  7  5  9  2  6  3  1  7
1  5  4  7  6  8  2  9  3  5
2  1  6  4  8  5  3  7  9  6
9  6  3  1  5  7  2  8  4  9
8  4  2  6  7  9  5  1  3  4
7  9  5  8  2  1  4  3  6  7
6  3  1  9  4  5  8  7  2  1
5  7  8  3  6  4  9  2  1  6
9  2  4  5  1  3  7  6  8  2

det=12658
